14.134725141734693790
21.022039638771554992
25.010857580145688763
30.424876125859513210
32.935061587739189690
37.586178158825671257
40.918719012147495187
43.327073280933999518
48.005150881167159727
49.773832477672302181
52.970321477714460644
56.446247697063394803
59.347044002602353079
60.831778524609810540
65.112544048081608629
67.079810529334473564
69.546401711173979382
72.067157674481909637
75.704690699083933327
77.144840068819441181
79.337375020249367979
82.910381019666596264
84.735492980517050210
87.425274613125224403
88.809111207634433423
92.491899270558484295
94.651295493774003729
95.870634179245369288
98.831194241443718073
101.317851005731395028
103.725538040478339416
105.446623052326074843
107.168611184276408663
111.029535543169655364
111.874659176992696082
114.320220915452724053
116.226680511187969132
118.790782865976217322
121.370125002420655928
122.946839002681192085
124.256818554261616922
127.516683879596495124
129.578704199945470373
131.087688530931314553
133.497737202997586426
134.756509753372871573
138.116042054533443498
139.736208952060852570
141.123707404181050297
143.111845807620632274
146.000982548376959453
147.422765342556608573
150.055520739645292498
150.925257612335899992
153.024693811412418381
156.112459179287324361
157.597591841592354531
161.188964137576024842
163.030709686051940477
165.521606307582868480
167.184439978355545854
169.094514472810130146
169.911976477416043965
173.411536528861984861
174.754191516268969587
176.441734246432663339
178.376408757249968768
181.332880632896628926
182.917114076918929087
184.874467848387509808
185.598783677707473475
187.228922584432014826
189.416158656016604734
192.026651794166433200
193.079726603645809509
195.265396679576424452
196.876481640906105251
198.015309800672607762
201.264651241761907771
202.493594514145437134
204.189671803104554151
205.394697204248681677
207.906217762889228556
209.576509716953147341
211.690862595365135330
213.763874192326571573
216.169538828357844232
218.691578210989152949
221.430705554693708904
224.007000254607341344
224.983285785684403798
227.421444279179919363
229.337413305525471126
231.250481879358966325
231.987235253180238947
234.445217324106591851
235.408437093940661376
238.548781067937095181
241.048934608537162210
242.423042453868924466
243.623150541183541901
246.138944493640032241
247.065222472514190590
248.101829809428603043
249.574689752572965157
