14.134725141734695
21.022039638771556
25.010857580145689
30.424876125859512
32.935061587739192
37.586178158825675
40.918719012147498
43.327073280934002
48.005150881167161
49.773832477672300
52.970321477714464
56.446247697063392
59.347044002602352
60.831778524609810
65.112544048081602
67.079810529334480
69.546401711173985
72.067157674481905
75.704690699083940
77.144840068819448
79.337375020249368
82.910381019666602
84.735492980517051
87.425274613125225
88.809111207634430
92.491899270558491
94.651295493774001
95.870634179245371
98.831194241443711
101.317851005731399
103.725538040478341
105.446623052326075
107.168611184276415
111.029535543169658
111.874659176992694
114.320220915452722
116.226680511187965
118.790782865976212
121.370125002420650
122.946839002681187
124.256818554261613
127.516683879596499
129.578704199945463
131.087688530931302
133.497737202997598
134.756509753372882
138.116042054533438
139.736208952060849
141.123707404181062
143.111845807620625
146.000982548376953
147.422765342556602
150.055520739645289
150.925257612335912
153.024693811412419
156.112459179287328
157.597591841592362
161.188964137576022
163.030709686051949
165.521606307582857
167.184439978355556
169.094514472810118
169.911976477416033
173.411536528861973
174.754191516268975
176.441734246432674
178.376408757249976
181.332880632896632
182.917114076918921
184.874467848387496
185.598783677707473
187.228922584432013
189.416158656016592
192.026651794166440
193.079726603645810
195.265396679576412
196.876481640906093
198.015309800672611
201.264651241761896
202.493594514145428
204.189671803104545
205.394697204248672
207.906217762889241
209.576509716953154
211.690862595365132
213.763874192326568
216.169538828357844
218.691578210989150
221.430705554693702
224.007000254607334
224.983285785684416
227.421444279179923
229.337413305525473
231.250481879358972
231.987235253180245
234.445217324106579
235.408437093940648
238.548781067937085
241.048934608537166
242.423042453868931
243.623150541183549
246.138944493640025
247.065222472514193
248.101829809428608
249.574689752572965
251.574649809770648
253.069410332400054
255.306861347744274
256.380719579798495
258.610411496681138
260.251604711536686
261.973366700765553
263.573774938426880
265.557852634674020
267.901902677349142
269.556670477039006
271.244062278393642
273.383865097053274
274.421382682941669
276.307616289968678
278.250681260120871
279.229250827536077
282.093604069046251
283.211418647832090
284.921232623398851
286.667445363270929
288.030900364779598
290.062505237715129
291.846115328942631
293.282043379277980
295.218323778154115
296.883383397554041
298.683543359782732
300.270674975486884
301.677405997936091
303.336015189906618
305.485416574929445
306.784380893639650
308.563577563249396
310.023248573787669
311.935819020511417
313.561936677156268
315.076690813399409
317.040815828184236
318.455874299782465
320.408208898745670
321.726455889046917
323.455062988021609
325.178228724155076
326.945302716658489
328.435250981477395
330.197187713233063
331.965410775419230
333.506647613714279
335.063882960660919
336.854820880417492
338.738974161317003
340.290842567145603
342.181092090985260
343.785062832344579
345.558227394995868
347.127810680714958
348.885695648193916
350.398539276826739
352.070901747252606
353.541454611672634
355.301326773834944
356.804474319360054
358.398785933546264
360.137119943274513
361.414361322403352
363.382013935799819
365.408565975318936
366.774312600646113
368.528122717205690
370.273198880595771
371.653307909666069
373.457007991820035
375.007268613736471
376.701845328984518
378.364044430651802
380.079632937105430
381.498438761603836
383.318552182427140
385.148236898812456
386.531045063099100
388.232434011401381
390.028761943435200
391.450772862228462
393.178622742410141
394.770614899525640
396.336439060506905
398.199169812489743
399.637434794370108
401.416849623573341
403.119795244533350
404.923899760150960
406.209556774163332
407.979582273373126
409.574245557644758
411.356658940876969
412.861004741408976
414.607074492060860
416.301262176911962
418.098966749151430
419.407337655093784
421.214559229283054
422.741877638536550
424.398384693585569
425.908985742846426
427.572030710865647
429.273423663505923
430.974078939252763
432.474570037026467
434.217419734673911
435.891512659572868
437.564923560322939
439.178644269400820
440.932953713925144
442.527815778049046
444.166098430183297
445.907706675537611
447.445544990594556
449.086639623611859
450.841193921405022
452.388504813975487
454.151908481364387
455.786543976381381
457.275718228521271
459.078964691240401
460.727608048545449
462.199984234185138
464.014300677040580
465.449957765555439
467.106030269711425
468.844240386571528
470.350078933414636
472.031608730808330
473.741628865904431
475.198738711406520
476.935749464831076
478.529748724930300
480.221442690830713
481.823861148719345
483.525917571486502
485.299743272716626
486.808535574448342
488.475910157218664
490.302763368757610
491.927907927280046
493.594362028751220
495.313629989741457
496.842152270273971
498.527279407231447
500.275061942084903
501.866821916282618
503.672868527823312
505.198613761603212
505.399122263365200
506.432930202117689
507.466330258102914
508.499323759357480
509.531912026193936
510.564096371265407
511.595878099629317
512.627258508809859
513.658238888861320
514.688820522428045
515.719004684807032
516.748792644007381
517.778185660810095
518.807184988826521
519.835791874558140
520.864007557452851
521.891833269963172
522.919270237602177
523.946319678999657
524.972982805957827
525.999260823505551
527.025154929953032
528.050666316945353
529.075796169515343
530.100545666136554
531.124915978775107
532.148908272940957
533.172523707739288
534.195763435920526
535.218628603930256
536.241120351959466
537.263239813992300
538.284988117854823
539.306366385263459
540.327375731872053
541.348017267318482
542.368292095271840
543.388201313478135
544.407746013805422
545.426927282289626
546.445746199178870
547.464203838977596
548.482301270490325
549.500039556865545
550.517419755637547
551.534442918770083
552.551110092697400
553.567422318366994
554.583380631279738
555.598986061531264
556.614239633852890
557.629142367650616
558.643695277045708
559.657899370913469
560.671755652922229
561.685265121572229
562.698428770233249
563.711247587182697
564.723722555643121
565.735854653818933
566.747644854933469
567.759094127265371
568.770203434184168
569.780973734186659
570.791405980931586
571.801501123274988
572.811260105304996
573.820683866375930
574.829773341142413
575.838529459593133
576.846953147084264
577.855045324372782
578.862806907648519
579.870238808567365
580.877341934283550
581.884117187480683
582.890565466404269
583.896687664892056
584.902484672406672
585.907957374064040
586.913106650666009
587.917933378729117
588.922438430515172
589.926622674060809
590.930486973206257
591.934032187625576
592.937259172854283
593.940168780318913
594.942761857364417
595.945039247283148
596.947001789341925
597.948650318810337
598.949985666987004
599.951008661227661
600.951720124971871
601.952120877768607
602.952211735304331
603.951993509427439
604.951467008175314
605.950633035799342
606.949492392790944
607.948045875906246
608.946294278191317
609.944238389006955
610.941878994053354
611.939216875394550
612.936252811481950
613.932987577179233
614.929421943785087
615.925556679057991
616.921392547237815
617.916930309070835
618.912170721831217
619.907114539344320
620.901762512009668
621.896115386822430
622.890173907396161
623.883938813984514
624.877410843503412
625.870590729552077
626.863479202435087
627.856076989182839
628.848384813573830
629.840403396153761
630.832133454258155
631.823575702031462
632.814730850448427
633.805599607333761
634.796182677381921
635.786480762177689
636.776494560215383
637.766224766918754
638.755672074659628
639.744837172778375
640.733720747601524
641.722323482462002
642.710646057717099
643.698689150766882
644.686453436073748
645.673939585179255
646.661148266723558
647.648080146462803
648.634735887286752
649.621116149236968
650.607221589524556
651.593052862546870
652.578610619905362
653.563895510422640
654.548908180159287
655.533649272431148
656.518119427825695
657.502319284218515
658.486249476790590
659.469910638043757
660.453303397817081
661.436428383303792
662.419286219066294
663.401877527052079
664.384202926610101
665.366263034505891
666.348058464937139
667.329589829548922
668.310857737449169
669.291862795223437
670.272605606950606
671.253086774217081
672.233306896131467
673.213266569340021
674.192966388040418
675.172406943996634
676.151588826552825
677.130512622648553
678.109178916831070
679.087588291271459
680.065741325776798
681.043638597804829
682.021280682477368
682.998668152594064
683.975801578645473
684.952681528827043
685.929308569051955
686.905683262963976
687.881806171951439
688.857677855159409
689.833298869502983
690.808669769679682
691.783791108182982
692.758663435313792
693.733287299193307
694.707663245776303
695.681791818862052
696.655673560107630
697.629309009039389
698.602698703065357
699.575843177487059
700.548742965511337
701.521398598262181
702.493810604792657
703.465979512096055
704.437905845117598
705.409590126766147
706.381032877925122
707.352234617463978
708.323195862249690
709.293917127157442
710.264398925081423
711.234641766946766
712.204646161719097
713.174412616416816
714.143941636120417
715.113233723983740
716.082289381245232
717.051109107236698
718.019693399395692
718.988042753274044
719.956157662549685
720.924038619035969
721.891686112691787
722.859100631632032
723.826282662136919
724.793232688663011
725.759951193851748
726.726438658540133
727.692695561769824
728.658722380797826
729.624519591104217
730.590087666403861
731.555427078653793
732.520538298064025
733.485421793106184
734.450078030522832
735.414507475337018
736.378710590860464
737.342687838703796
738.306439678784841
739.269966569337498
740.233268966920832
741.196347326427940
742.159202101094252
743.121833742507079
744.084242700613117
745.046429423727659
746.008394358543455
746.970137950138110
747.931660641983740
748.892962875953913
749.854045092333536
750.814907729825336
751.775551225559525
752.735976015100846
753.696182532457556
754.656171210088473
755.615942478911393
756.575496768311496
757.534834506148172
758.493956118763663
759.452862030989877
760.411552666157490
761.370028446102083
762.328289791173006
763.286337120239409
764.244170850699561
765.201791398486762
766.159199178077415
767.116394602498644
768.073378083334546
769.030150030734717
769.986710853420846
770.943060958692968
771.899200752438446
772.855130639137769
773.810851021871486
774.766362302327821
775.721664880809044
776.676759156239314
777.631645526169564
778.586324386786373
779.540796132917535
780.495061158039675
781.449119854283026
782.402972612440408
783.356619821972345
784.310061871014227
785.263299146381655
786.216332033578738
787.169160916803435
788.121786178953016
789.074208201632473
790.026427365159293
790.978444048570395
791.930258629627133
792.881871484823591
793.833282989390568
794.784493517303417
795.735503441286482
796.686313132820260
797.636922962147423
798.587333298277599
799.537544508994415
800.487556960861184
801.437371019226362
802.386987048229116
803.336405410805810
804.285626468695682
805.234650582445738
806.183478111417003
807.132109413789976
808.080544846570774
809.028784765595105
809.976829525535777
810.924679479906899
811.872334981069798
812.819796380237790
813.767064027482320
814.714138271738534
815.661019460809484
816.607707941372155
817.554204058982350
818.500508158081061
819.446620581997308
820.392541672955531
821.338271772080248
822.283811219400150
823.229160353853558
824.174319513294563
825.119289034496660
826.064069253157641
827.008660503906299
827.953063120305160
828.897277434856960
829.841303779008172
830.785142483155141
831.728793876648297
832.672258287796467
833.615536043872112
834.558627471116324
835.501532894742809
836.444252638942885
837.386787026890147
838.329136380745240
839.271301021659838
840.213281269781646
841.155077444258950
842.096689863245047
843.038118843902566
843.979364702407565
844.920427753955096
845.861308312762503
846.802006692073860
847.742523204165309
848.682858160347791
849.623011870973073
850.562984645436359
851.502776792181862
852.442388618705991
853.381820431562346
854.321072536365477
855.260145237794859
856.199038839599552
857.137753644601617
858.076289954700997
859.014648070878820
859.952828293201719
860.890830920825579
861.828656252000201
862.766304584072827
863.703776213491778
864.641071435810431
865.578190545691882
866.515133836912128
867.451901602363250
868.388494134059329
869.324911723137802
870.261154659865269
871.197223233639306
872.133117732994265
873.068838445603319
874.004385658283240
874.939759656997012
875.874960726858831
876.809989152137064
877.744845216256635
878.679529201805281
879.614041390534908
880.548382063365807
881.482551500390514
882.416549980876994
883.350377783272165
884.284035185205539
885.217522463492401
886.150839894137562
887.083987752338544
888.016966312488762
888.949775848181844
889.882416632213904
890.814888936587408
891.747193032514133
892.679329190419367
893.611297679944073
894.543098769949097
895.474732728517324
896.406199822958456
897.337500319810829
898.268634484845165
899.199602583067872
900.130404878723994
901.061041635300512
901.991513115529415
902.921819581390650
903.851961294115767
904.781938514190188
905.711751501356616
906.641400514618795
907.570885812243205
908.500207651763276
909.429366289981544
910.358361982973179
911.287194986089048
912.215865553957769
913.144373940489345
914.072720398878573
915.000905181607209
915.928928540446122
916.856790726460417
917.784491990010338
918.712032580753998
919.639412747652386
920.566632738969702
921.493692802277678
922.420593184457289
923.347334131702723
924.273915889523323
925.200338702746649
926.126602815520528
927.052708471317146
927.978655912934300
928.904445382498807
929.830077121469458
930.755551370638955
931.680868370137091
932.606028359432798
933.531031577337558
934.455878262007445
935.380568650945975
936.305102981006371
937.229481488394526
938.153704408671501
939.077771976755116
940.001684426924271
940.925441992819856
941.849044907448274
942.772493403183034
943.695787711767935
944.618928064319675
945.541914691328884
946.464747822664549
947.387427687575268
948.309954514691640
949.232328532028760
950.154549966989066
951.076619046364499
951.998535996338319
952.920301042487836
953.841914409787591
954.763376322609929
955.684687004728630
956.605846679320962
957.526855568969836
958.447713895666197
959.368421880810615
960.288979745217034
961.209387709113344
962.129645992145015
963.049754813376239
963.969714391292541
964.889524943803622
965.809186688244495
966.728699841377875
967.648064619397474
968.567281237928455
969.486349912030960
970.405270856201355
971.324044284374736
972.242670409927769
973.161149445678461
974.079481603891395
974.997667096277723
975.915706133997446
976.833598927661797
977.751345687336084
978.668946622540489
979.586401942251996
980.503711854907806
981.420876568406356
982.337896290109597
983.254771226844014
984.171501584904831
985.088087570055905
986.004529387532102
986.920827242042492
987.836981337770908
988.752991878378225
989.668859067004632
990.584583106271339
991.500164198282391
992.415602544627291
993.330898346381105
994.246051804108561
995.161063117864501
996.075932487196042
996.990660111144507
997.905246188247702
998.819690916541049
999.733994493559294
1000.648157116339462
1001.562178981421539
1002.476060284850746
1003.389801222179358
1004.303401988468181
1005.216862778288828
1006.130183785724967
1007.043365204374481
1007.956407227351065
1008.869310047286035
1009.782073856329703
1010.694698846153869
1011.607185207952625
1012.519533132444963
1013.431742809875573
1014.343814430017119
1015.255748182172283
1016.167544255174334
1017.079202837389971
1017.990724116720116
1018.902108280602079
1019.813355516010802
1020.724466009461139
1021.635439947008763
1022.546277514252324
1023.456978896334931
1024.367544277945171
1025.277973843320069
1026.188267776245084
1027.098426260056840
1028.008449477644717
1028.918337611451534
1029.828090843475366
1030.737709355272045
1031.647193327955847
1032.556542942201304
1033.465758378243891
1034.374839815883661
1035.283787434484566
1036.192601412976501
1037.101281929858715
1038.009829163197992
1038.918243290633427
1039.826524489374833
1040.734672936207517
1041.642688807490686
1042.550572279161315
1043.458323526733693
1044.365942725302375
1045.273430049542867
1046.180785673713217
1047.088009771655379
1047.995102516796578
1048.902064082151583
1049.808894640322706
1050.715594363502078
1051.622163423473239
1052.528601991612277
1053.434910238888278
1054.341088335866516
1055.247136452708901
1056.153054759174438
1057.058843424622637
1057.964502618013285
1058.870032507908491
1059.775433262472916
1060.680705049477183
1061.585848036297875
1062.490862389918220
1063.395748276931272
1064.300505863539684
1065.205135315557754
1066.109636798411884
1067.014010477143984
1067.918256516409201
1068.822375080481606
1069.726366333251690
1070.630230438229546
1071.533967558546010
1072.437577856953112
1073.341061495826580
1074.244418637165836
1075.147649442596730
1076.050754073370399
1076.953732690367588
1077.856585454097058
1078.759312524699226
1079.661914061945026
1080.564390225239094
1081.466741173620449
1082.368967065762490
1083.271068059976187
1084.173044314209392
1085.074895986050251
1085.976623232725387
1086.878226211103765
1087.779705077697372
1088.681059988660536
1089.582291099793338
1090.483398566541609
1091.384382543998981
1092.285243186906200
1093.185980649654539
1094.086595086285570
1094.987086650492984
1095.887455495622589
1096.787701774675043
1097.687825640305391
1098.587827244826258
1099.487706740205795
1100.387464278072684
1101.287100009713640
1102.186614086077043
1103.086006657772487
1103.985277875073052
1104.884427887915535
1105.783456845901583
1106.682364898299511
1107.581152194044307
1108.479818881740130
1109.378365109659171
1110.276791025745524
1111.175096777614044
1112.073282512551714
1112.971348377519689
1113.869294519153982
1114.767121083765915
1115.664828217342802
1116.562416065551361
1117.459884773735439
1118.357234486919879
1119.254465349809607
1120.151577506791227
1121.048571101935295
1121.945446278994496
1122.842203181407740
1123.738841952299481
1124.635362734480395
1125.531765670449204
1126.428050902394034
1127.324218572191967
1128.220268821411537
1129.116201791312051
1130.012017622846543
1130.907716456661319
1131.803298433096870
1132.698763692189686
1133.594112373672715
1134.489344616976496
1135.384460561229616
1136.279460345260304
1137.174344107596880
1138.069111986469579
1138.963764119809412
1139.858300645251802
1140.752721700135453
1141.647027421504390
1142.541217946107736
1143.435293410402210
1144.329253950552129
1145.223099702429863
1146.116830801616970
1147.010447383406472
1147.903949582801943
1148.797337534518874
1149.690611372986041
1150.583771232346635
1151.476817246457358
1152.369749548891832
1153.262568272939234
1154.155273551607252
1155.047865517620494
1155.940344303423672
1156.832710041180917
1157.724962862777829
1158.617102899820793
1159.509130283639252
1160.401045145286162
1161.292847615538221
1162.184537824897689
1163.076115903592154
1163.967581981576586
1164.858936188532425
1165.750178653870989
1166.641309506730977
1167.532328875983012
1168.423236890227145
1169.314033677795123
1170.204719366752215
1171.095294084895158
1171.985757959756711
1172.876111118602921
1173.766353688436311
1174.656485795995422
1175.546507567756180
1176.436419129932801
1177.326220608477342
1178.215912129082426
1179.105493817180331
1179.994965797945497
1180.884328196292472
1181.773581136880239
1182.662724744109937
1183.551759142127594
1184.440684454824122
1185.329500805835551
1186.218208318545294
1187.106807116082791
1187.995297321326234
1188.883679056902793
1189.771952445188163
1190.660117608308838
1191.548174668141883
1192.436123746315843
1193.323964964212792
1194.211698442966281
1195.099324303464527
1195.986842666350412
1196.874253652021480
1197.761557380631757
1198.648753972091981
1199.535843546070282
1200.422826221992182
1201.309702119042868
1202.196471356166739
1203.083134052068317
1203.969690325213151
1204.856140293828503
1205.742484075903803
1206.628721789191331
1207.514853551207125
1208.400879479231662
1209.286799690310772
1210.172614301254953
1211.058323428642552
1211.943927188817725
1212.829425697893612
1213.714819071750071
1214.600107426037766
1215.485290876176123
1216.370369537355145
1217.255343524535874
1218.140212952451066
1219.024977935606330
1219.909638588279449
1220.794195024522878
1221.678647358162152
1222.562995702799299
1223.447240171810336
1224.331380878348455
1225.215417935344021
1226.099351455503893
1226.983181551314146
1227.866908335038943
1228.750531918721890
1229.634052414186954
1230.517469933038683
1231.400784586662667
1232.283996486226897
1233.167105742680860
1234.050112466758492
1234.933016768976358
1235.815818759636159
1236.698518548823586
1237.581116246411284
1238.463611962057030
1239.346005805205323
1240.228297885088523
1241.110488310726623
1241.992577190928841
1242.874564634292256
1243.756450749204532
1244.638235643843927
1245.519919426178603
1246.401502203969358
1247.282984084768259
1248.164365175920238
1249.045645584563317
1249.926825417629971
1250.807904781846219
1251.688883783733445
1252.569762529608170
1253.450541125583641
1254.331219677569379
1255.211798291271862
1256.092277072195657
1256.972656125643880
1257.852935556717739
1258.733115470318808
1259.613195971147888
1260.493177163706605
1261.373059152298083
1262.252842041026270
1263.132525933797979
1264.012110934322436
1264.891597146111963
1265.770984672483110
1266.650273616556433
1267.529464081257402
1268.408556169317080
1269.287549983272129
1270.166445625465940
1271.045243198048865
1271.923942802978672
1272.802544542020996
1273.681048516750479
1274.559454828550770
1275.437763578614749
1276.315974867945670
1277.194088797357153
1278.072105467474330
1278.950024978733836
1279.827847431384271
1280.705572925487559
1281.583201560917587
1282.460733437363160
1283.338168654326637
1284.215507311124838
1285.092749506890414
1285.969895340571384
1286.846944910931825
1287.723898316552095
1288.600755655830653
1289.477517026982923
1290.354182528042656
1291.230752256861933
1292.107226311112527
1292.983604788285220
1293.859887785691171
1294.736075400461914
1295.612167729550038
1296.488164869729871
1297.364066917597256
1298.239873969570453
1299.115586121891738
1299.991203470625123
1300.866726111659545
1301.742154140707953
1302.617487653308217
1303.492726744823131
1304.367871510441546
1305.242922045178148
1306.117878443874815
1306.992740801199716
1307.867509211648894
1308.742183769546955
1309.616764569045927
1310.491251704127308
1311.365645268601838
1312.239945356110638
1313.114152060123388
1313.988265473942192
1314.862285690699764
1315.736212803360104
1316.610046904718956
1317.483788087405401
1318.357436443880488
1319.230992066439285
1320.104455047209740
1320.977825478154955
1321.851103451072277
1322.724289057593751
1323.597382389187032
1324.470383537156295
1325.343292592641092
1326.216109646618179
1327.088834789901512
1327.961468113142701
1328.834009706830784
1329.706459661294048
1330.578818066698659
1331.451085013051397
1332.323260590197151
1333.195344887822102
1334.067337995451908
1334.939240002454426
1335.811050998037217
1336.682771071250954
1337.554400310987830
1338.425938805982241
1339.297386644811922
1340.168743915897949
1341.040010707505189
1341.911187107742307
1342.782273204562898
1343.653269085764805
1344.524174838992167
1345.394990551733599
1346.265716311324923
1347.136352204948253
1348.006898319632000
1348.877354742252010
1349.747721559532465
1350.617998858044757
1351.488186724209072
1352.358285244294393
1353.228294504418955
1354.098214590550242
1354.968045588506129
1355.837787583954423
1356.707440662414228
1357.577004909254583
1358.446480409697187
1359.315867248815266
1360.185165511533341
1361.054375282629962
1361.923496646735657
1362.792529688334298
1363.661474491764011
1364.530331141216038
1365.399099720736558
1366.267780314227366
1367.136373005443602
1368.004877877997387
1368.873295015355779
1369.741624500842590
1370.609866417638159
1371.478020848779579
1372.346087877160471
1373.214067585534167
1374.081960056509843
1374.949765372555930
1375.817483615999890
1376.685114869027302
1377.552659213684137
1378.420116731875169
1379.287487505365561
1380.154771615782010
1381.021969144610011
1381.889080173197272
1382.756104782753482
1383.623043054348955
1384.489895068916439
1385.356660907252262
1386.223340650014052
1387.089934377723466
1387.956442170765285
1388.822864109388092
1389.689200273705183
1390.555450743693655
1391.421615599195320
1392.287694919918295
1393.153688785434952
1394.019597275183514
1394.885420468469192
1395.751158444462590
1396.616811282202661
1397.482379060593530
1398.347861858407668
1399.213259754285900
1400.078572826736035
1400.943801154134690
1401.808944814727283
1402.674003886628498
1403.538978447821819
1404.403868576160221
1405.268674349367757
1406.133395845037739
1406.998033140634561
1407.862586313492557
1408.727055440819186
1409.591440599691850
1410.455741867059714
1411.319959319745521
1412.184093034443094
1413.048143087719382
1413.912109556014457
1414.775992515641974
1415.639792042789395
1416.503508213517534
1417.367141103761242
1418.230690789331220
1419.094157345911981
1419.957540849063435
1420.820841374221345
1421.684058996696649
1422.547193791676136
1423.410245834224497
1424.273215199281140
1425.136101961663826
1425.998906196066628
1426.861627977061289
1427.724267379098364
1428.586824476505171
1429.449299343487382
1430.311692054131072
1431.174002682399532
1432.036231302135548
1432.898377987062531
1433.760442810782251
1434.622425846778015
1435.484327168412165
1436.346146848928583
1437.207884961451782
1438.069541578987582
1438.931116774423117
1439.792610620527739
1440.654023189952341
1441.515354555230260
1442.376604788777740
1443.237773962893471
1444.098862149759952
1444.959869421442590
1445.820795849889919
1446.681641506936330
1447.542406464298438
1448.403090793577803
1449.263694566262302
1450.124217853722939
1450.984660727216351
1451.845023257886169
1452.705305516760063
1453.565507574753610
1454.425629502666652
1455.285671371187163
1456.145633250890114
1457.005515212237015
1457.865317325576143
1458.725039661145502
1459.584682289068951
1460.444245279359393
1461.303728701918999
1462.163132626536481
1463.022457122891865
1463.881702260553539
1464.740868108978248
1465.599954737514508
1466.458962215399197
1467.317890611759594
1468.176739995614753
1469.035510435873221
1469.894202001334406
1470.752814760690171
1471.611348782522327
1472.469804135305822
1473.328180887407143
1474.186479107084097
1475.044698862488303
1475.902840221662927
1476.760903252544949
1477.618888022964484
1478.476794600644553
1479.334623053201994
1480.192373448147919
1481.050045852887479
1481.907640334720327
1482.765156960840613
1483.622595798336761
1484.479956914193735
1485.337240375290776
1486.194446248402755
1487.051574600200638
1487.908625497251933
1488.765599006019102
1489.622495192862743
1490.479314124038865
1491.336055865701610
1492.192720483901439
1493.049308044586724
1493.905818613603515
1494.762252256696001
1495.618609039505145
1496.474889027572544
1497.331092286336798
1498.187218881135095
1499.043268877205492
1499.899242339683042
1500.755139333604347
1501.610959923904375
1502.466704175418272
1503.322372152882053
1504.177963920931461
1505.033479544102420
1505.888919086833539
1506.744282613462246
1507.599570188228427
1508.454781875273738
1509.309917738640252
1510.164977842273856
1511.019962250021081
1511.874871025631137
1512.729704232756148
1513.584461934950923
1514.439144195672725
1515.293751078283549
1516.148282646046937
1517.002738962130934
1517.857120089608088
1518.711426091453859
1519.565657030548891
1520.419812969677878
1521.273893971530015
1522.127900098699911
1522.981831413687360
1523.835687978896658
1524.689469856638652
1525.543177109129374
1526.396809798490494
1527.250367986750916
1528.103851735844501
1528.957261107612794
1529.810596163803893
1530.663856966072444
1531.517043575980551
1532.370156054997551
1533.223194464500239
1534.076158865774005
1534.929049320011472
1535.781865888312723
1536.634608631688252
1537.487277611054878
1538.339872887240290
1539.192394520979633
1540.044842572917105
1540.897217103608000
1541.749518173515071
1542.601745843011940
1543.453900172382646
1544.305981221820048
1545.157989051428331
1546.009923721221867
1546.861785291125670
1547.713573820976080
1548.565289370519849
1549.416931999415510
1550.268501767233147
1551.119998733454395
1551.971422957472441
1552.822774498593162
1553.674053416033985
1554.525259768925025
1555.376393616309315
1556.227455017142574
1557.078444030293213
1557.929360714542781
1558.780205128586431
1559.630977331033364
1560.481677380405472
1561.332305335138926
1562.182861253584406
1563.033345194006870
1563.883757214584648
1564.734097373412169
1565.584365728497460
1566.434562337764419
1567.284687259052134
1568.134740550113747
1568.984722268620089
1569.834632472155818
1570.684471218222370
1571.534238564237057
1572.383934567533515
1573.233559285361480
1574.083112774887923
1574.932595093196369
1575.782006297286671
1576.631346444076598
1577.480615590400703
1578.329813793011908
1579.178941108579238
1580.027997593690770
1580.876983304852502
1581.725898298487891
1582.574742630939227
1583.423516358467396
1584.272219537251658
1585.120852223390330
1585.969414472900553
1586.817906341718754
1587.666327885701321
1588.514679160622563
1589.362960222178117
1590.211171125982901
1591.059311927571343
1591.907382682398975
1592.755383445841062
1593.603314273193519
1594.451175219672677
1595.298966340416882
1596.146687690483532
1596.994339324852945
1597.841921298426314
1598.689433666025707
1599.536876482395655
1600.384249802202021
1601.231553680032221
1602.078788170397502
1602.925953327729303
1603.773049206383121
1604.620075860636462
1605.467033344689071
1606.313921712665206
1607.160741018610679
1608.007491316494679
1608.854172660211361
1609.700785103576663
1610.547328700330809
1611.393803504138532
1612.240209568588170
1613.086546947191664
1613.932815693386374
1614.779015860533036
1615.625147501918718
1616.471210670753862
1617.317205420173650
1618.163131803240049
1619.008989872938628
1619.854779682180833
1620.700501283804670
1621.546154730572425
1622.391740075173402
1623.237257370222324
1624.082706668260016
1624.928088021754547
1625.773401483098951
1626.618647104614183
1627.463824938547532
1628.308935037073525
1629.153977452292338
1629.998952236233890
1630.843859440853294
1631.688699118033810
1632.533471319587079
1633.378176097251298
1634.222813502694180
1635.067383587509767
1635.911886403221160
1636.756322001280751
1637.600690433068166
1638.444991749892097
1639.289226002990063
1640.133393243528644
1640.977493522603481
1641.821526891239728
1642.665493400390915
1643.509393100941907
1644.353226043705263
1645.196992279424194
1646.040691858772789
1646.884324832353741
1647.727891250700395
1648.571391164276974
1649.414824623477898
1650.258191678627554
1651.101492379983029
1651.944726777729784
1652.787894921986435
1653.630996862801567
1654.474032650155550
1655.317002333960318
1656.159905964059362
1657.002743590227283
1657.845515262171830
1658.688221029531178
1659.530860941877108
1660.373435048712736
1661.215943399473645
1662.058386043529026
1662.900763030179178
1663.743074408658003
1664.585320228132787
1665.427500537703054
1666.269615386401711
1667.111664823195269
1667.953648896983850
1668.795567656600952
1669.637421150813225
1670.479209428322065
1671.320932537762701
1672.162590527704197
1673.004183446649449
1673.845711343037237
1674.687174265239037
1675.528572261561749
1676.369905380247474
1677.211173669472601
1678.052377177348262
1678.893515951921927
1679.734590041174670
1680.575599493024811
1681.416544355324959
1682.257424675862922
1683.098240502363979
1683.938991882487926
1684.779678863830213
1685.620301493924444
1686.460859820238738
1687.301353890177552
1688.141783751083040
1688.982149450232782
1689.822451034842516
1690.662688552063400
1691.502862048984070
1692.342971572631086
1693.183017169966888
1694.022998887892072
1694.862916773245388
1695.702770872801921
1696.542561233274455
1697.382287901315067
1698.221950923512395
1699.061550346393915
1699.901086216425028
1700.740558580009065
1701.579967483489099
1702.419312973144997
1703.258595095196370
1704.097813895802119
1704.936969421058848
1705.776061717002221
1706.615090829608562
1707.454056804791662
1708.292959688406199
1709.131799526245004
1709.970576364041335
1710.809290247467970
1711.647941222137661
1712.486529333602448
1713.325054627355939
1714.163517148830124
1715.001916943398101
1715.840254056374079
1716.678528533011331
1717.516740418505151
1718.354889757990577
1719.192976596543531
1720.031000979182181
1720.868962950864670
1721.706862556489796
1722.544699840899284
1723.382474848874608
1724.220187625139943
1725.057838214361027
1725.895426661144256
1726.732953010039409
1727.570417305536921
1728.407819592069927
1729.245159914014039
1730.082438315686431
1730.919654841347210
1731.756809535198727
1732.593902441386490
1733.430933603997346
1734.267903067062889
1735.104810874556279
1735.941657070394285
1736.778441698436609
1737.615164802486106
1738.451826426289472
1739.288426613536558
1740.124965407860373
1740.961442852838900
1741.797858991992143
1742.634213868785309
1743.470507526627443
1744.306740008870975
1745.142911358813762
1745.979021619696596
1746.815070834705239
1747.651059046970659
1748.486986299567889
1749.322852635515574
1750.158658097779380
1750.994402729268359
1751.830086572836763
1752.665709671284503
1753.501272067356467
1754.336773803742744
1755.172214923079082
1756.007595467946203
1756.842915480871397
1757.678175004327386
1758.513374080731637
1759.348512752449551
1760.183591061790594
1761.018609051011481
1761.853566762315495
1762.688464237850894
1763.523301519713641
1764.358078649945810
1765.192795670535361
1766.027452623418412
1766.862049550476968
1767.696586493539826
1768.531063494383943
1769.365480594731707
1770.199837836253892
1771.034135260568291
1771.868372909239952
1772.702550823782076
1773.536669045654207
1774.370727616264730
1775.204726576969733
1776.038665969072326
1776.872545833824233
1777.706366212425337
1778.540127146023451
1779.373828675714549
1780.207470842543444
1781.041053687503108
1781.874577251534447
1782.708041575528114
1783.541446700322922
1784.374792666706298
1785.208079515415193
1786.041307287134941
1786.874476022500630
1787.707585762095732
1788.540636546453470
1789.373628416056818
1790.206561411337361
1791.039435572676666
1791.872250940406275
1792.705007554807253
1793.537705456110189
1794.370344684495876
1795.202925280094860
1796.035447282988343
1796.867910733207054
1797.700315670732607
1798.532662135496594
1799.364950167381267
1800.197179806219083
1801.029351091793615
1801.861464063838412
1802.693518762039275
1803.525515226031530
1804.357453495401387
1805.189333609687765
1806.021155608379104
1806.852919530915415
1807.684625416688732
1808.516273305042205
1809.347863235269642
1810.179395246617787
1811.010869378284269
1811.842285669418970
1812.673644159123114
1813.504944886449948
1814.336187890405427
1815.167373209946390
1815.998500883983070
1816.829570951377264
1817.660583450943705
1818.491538421448467
1819.322435901611925
1820.153275930104883
1820.984058545553125
1821.814783786534235
1822.645451691577136
1823.476062299166415
1824.306615647738226
1825.137111775681660
1825.967550721339876
1826.797932523008512
1827.628257218936369
1828.458524847327453
1829.288735446337114
1830.118889054075453
1830.948985708606642
1831.779025447947333
1832.609008310068930
1833.438934332896906
1834.268803554309898
1835.098616012142202
1835.928371744180367
1836.758070788166378
1837.587713181796744
1838.417298962721361
1839.246828168545562
1840.076300836828977
1840.905717005085535
1841.735076710784597
1842.564379991349824
1843.393626884159630
1844.222817426548090
1845.051951655804032
1845.881029609170355
1846.710051323847438
1847.539016836988594
1848.367926185704164
1849.196779407058784
1850.025576538073665
1850.854317615724767
1851.683002676943943
1852.511631758619160
1853.340204897593594
1854.168722130667220
1854.997183494594765
1855.825589026087982
1856.653938761814743
1857.482232738398579
1858.310470992419596
1859.138653560413786
1859.966780478875080
1860.794851784252387
1861.622867512950961
1862.450827701334219
1863.278732385721696
1864.106581602388587
1864.934375387569162
1865.762113777452214
1866.589796808185838
1867.417424515873790
1868.244996936577081
1869.072514106314884
1869.899976061062489
1870.727382836753350
1871.554734469278628
1872.382030994486513
1873.209272448182219
1874.036458866130488
1874.863590284051725
1875.690666737625634
1876.517688262489628
1877.344654894237692
1878.171566668424248
1878.998423620559834
1879.825225786114061
1880.651973200514931
1881.478665899147927
1882.305303917357605
1883.131887290447366
1883.958416053678093
1884.784890242270421
1885.611309891403153
1886.437675036212795
1887.263985711796977
1888.090241953210580
1888.916443795467103
1889.742591273540711
1890.568684422363503
1891.394723276826426
1892.220707871781315
1893.046638242037488
1893.872514422364475
1894.698336447491556
1895.524104352106633
1896.349818170858498
1897.175477938354106
1898.001083689160851
1898.826635457806788
1899.652133278777683
1900.477577186521557
1901.302967215444824
1902.128303399914330
1902.953585774257817
1903.778814372762326
1904.603989229675335
1905.429110379205213
1906.254177855519401
1907.079191692747145
1907.904151924978351
1908.729058586261999
1909.553911710608872
1910.378711331990417
1911.203457484338287
1912.028150201546168
1912.852789517467500
1913.677375465916612
1914.501908080669864
1915.326387395464280
1916.150813443997549
1916.975186259929615
1917.799505876881085
1918.623772328433688
1919.447985648131180
1920.272145869478436
1921.096253025942360
1921.920307150950975
1922.744308277893651
1923.568256440123378
1924.392151670952217
1925.215994003656078
1926.039783471472447
1926.863520107600607
1927.687203945201190
1928.510835017398904
1929.334413357278663
1930.157938997889005
1930.981411972239357
1931.804832313302995
1932.628200054014997
1933.451515227272921
1934.274777865937040
1935.097988002830107
1935.921145670737587
1936.744250902407202
1937.567303730551430
1938.390304187842730
1939.213252306919230
1940.036148120379949
1940.858991660787751
1941.681782960669352
1942.504522052514176
1943.327208968773675
1944.149843741864515
1944.972426404165390
1945.794956988018839
1946.617435525731253
1947.439862049571502
1948.262236591773899
1949.084559184534328
1949.906829860013431
1950.729048650335926
1951.551215587589468
1952.373330703826696
1953.195394031063188
1954.017405601279052
1954.839365446418469
1955.661273598389243
1956.483130089064389
1957.304934950280312
1958.126688213837724
1958.948389911502090
1959.770040075002953
1960.591638736035293
1961.413185926256574
1962.234681677291064
1963.056126020726424
1963.877518988115071
1964.698860610974862
1965.520150920787728
1966.341389949001041
1967.162577727027156
1967.983714286242048
1968.804799657988724
1969.625833873574493
1970.446816964270965
1971.267748961316329
1972.088629895913073
1972.909459799229353
1973.730238702399220
1974.550966636520570
1975.371643632659243
1976.192269721844241
1977.012844935071598
1977.833369303302788
1978.653842857464269
1979.474265628449075
1980.294637647116133
1981.114958944289583
1981.935229550759232
1982.755449497282598
1983.575618814581503
1984.395737533344345
1985.215805684226325
1986.035823297847628
1986.855790404795925
1987.675707035624555
1988.495573220853203
1989.315388990967904
1990.135154376422179
1990.954869407633851
1991.774534114990047
1992.594148528842652
1993.413712679510581
1994.233226597280463
1995.052690312403683
1995.872103855101159
1996.691467255558337
1997.510780543928604
1998.330043750332607
1999.149256904858021
1999.968420037558417
2000.787533178456215
2001.606596357540184
2002.425609604765896
2003.244572950057318
2004.063486423304767
2004.882350054367407
2005.701163873070072
2006.519927909205990
2007.338642192536099
2008.157306752789054
2008.975921619660085
2009.794486822813951
2010.613002391881764
2011.431468356462801
2012.249884746124508
2013.068251590401815
2013.886568918798275
2014.704836760784701
2015.523055145800299
2016.341224103252671
2017.159343662517358
2017.977413852937616
2018.795434703826459
2019.613406244463249
2020.431328504097337
2021.249201511946012
2022.067025297194050
2022.884799888996895
2023.702525316476112
2024.520201608723710
2025.337828794799634
2026.155406903732228
2026.972935964519365
2027.790416006127316
2028.607847057491426
2029.425229147514983
2030.242562305072170
2031.059846559004427
2031.877081938122956
2032.694268471208034
2033.511406187008788
2034.328495114244333
2035.145535281601951
2035.962526717738683
2036.779469451281557
2037.596363510826450
2038.413208924937635
2039.230005722151191
2040.046753930970226
2040.863453579869883
2041.680104697292791
2042.496707311652017
2043.313261451331527
2044.129767144682774
2044.946224420028784
2045.762633305661893
2046.578993829844421
2047.395306020808448
2048.211569906756267
2049.027785515859705
2049.843952876261937
2050.660072016074992
2051.476142963380880
2052.292165746233877
2053.108140392656424
2053.924066930641402
2054.739945388153501
2055.555775793126941
2056.371558173465473
2057.187292557045566
2058.002978971712309
2058.818617445282143
2059.634208005541950
2060.449750680249963
2061.265245497133947
2062.080692483893472
2062.896091668197641
2063.711443077688273
2064.526746739977170
2065.342002682646580
2066.157210933250099
2066.972371519312219
2067.787484468329694
2068.602549807768355
2069.417567565067202
2070.232537767635222
2071.047460442852753
2071.862335618071938
2072.677163320615819
2073.491943577778784
2074.306676416827031
2075.121361864998107
2075.935999949501365
2076.750590697516600
2077.565134136196775
2078.379630292664842
2079.194079194017377
2080.008480867320486
2080.822835339613903
2081.637142637908255
2082.451402789186432
2083.265615820402218
2084.079781758483023
2084.893900630327153
2085.707972462805174
2086.521997282759457
2087.335975117004637
2088.149905992328058
2088.963789935488421
2089.777626973217139
2090.591417132217430
2091.405160439166139
2092.218856920710550
2093.032506603472029
2093.846109514042837
2094.659665678989768
2095.473175124850059
2096.286637878134570
2097.100053965326879
2097.913423412882821
2098.726746247230949
2099.540022494772529
2100.353252181881999
2101.166435334906510
2101.979571980165019
2102.792662143951020
2103.605705852530264
2104.418703132140763
2105.231654008994155
2106.044558509276158
2106.857416659143382
2107.670228484726977
2108.482994012131712
2109.295713267434621
2110.108386276685451
2110.921013065909847
2111.733593661102987
2112.546128088236401
2113.358616373254790
2114.171058542074206
2114.983454620586599
2115.795804634656179
2116.608108610120325
2117.420366572791863
2118.232578548454967
2119.044744562869255
2119.856864641767515
2120.668938810855707
2121.480967095814776
2122.292949522298386
2123.104886115934733
2123.916776902325637
2124.728621907046545
2125.540421155647891
2126.352174673653735
2127.163882486561761
2127.975544619843731
2128.787161098946399
2129.598731949290141
2130.410257196269413
2131.221736865253206
2132.033170981584590
2132.844559570581623
2133.655902657535535
2134.467200267712997
2135.278452426355216
2136.089659158677023
2136.900820489867783
2137.711936445092761
2138.523007049489934
2139.334032328174089
2140.145012306232729
2140.955947008728799
2141.766836460700688
2142.577680687159955
2143.388479713094512
2144.199233563466805
2145.009942263213816
2145.820605837246603
2146.631224310453035
2147.441797707695059
2148.252326053810066
2149.062809373609525
2149.873247691880351
2150.683641033386266
2151.493989422863706
2152.304292885025461
2153.114551444560220
2153.924765126130751
2154.734933954375265
2155.545057953909236
2156.355137149320399
2157.165171565175115
2157.975161226012915
2158.785106156349684
2159.595006380677205
2160.404861923461340
2161.214672809145668
2162.024439062148758
2162.834160706863258
2163.643837767659079
2164.453470268882484
2165.263058234853361
2166.072601689869771
2166.882100658203854
2167.691555164104557
2168.500965231796727
2169.310330885480653
2170.119652149332978
2170.928929047506244
2171.738161604129800
2172.547349843307074
2173.356493789120577
2174.165593465626444
2174.974648896858071
2175.783660106825209
2176.592627119513509
2177.401549958885425
2178.210428648878860
2179.019263213408522
2179.828053676365926
2180.636800061618942
2181.445502393011338
2182.254160694363691
2183.062774989473837
2183.871345302115060
2184.679871656037449
2185.488354074967901
2186.296792582610578
2187.105187202645993
2187.913537958730558
2188.721844874498402
2189.530107973560462
2190.338327279504028
2191.146502815893200
2191.954634606270247
2192.762722674151973
2193.570767043034721
2194.378767736390273
2195.186724777668132
2195.994638190294154
2196.802507997671455
2197.610334223181326
2198.418116890181409
2199.225856022006155
2200.033551641967733
2200.841203773356028
2201.648812439436824
2202.456377663454532
2203.263899468630825
2204.071377878164185
2204.878812915230810
2205.686204602983707
2206.493552964554965
2207.300858023052569
2208.108119801563134
2208.915338323149626
2209.722513610854548
2210.529645687695393
2211.336734576670096
2212.143780300752042
2212.950782882894146
2213.757742346026134
2214.564658713055451
2215.371532006867255
2216.178362250325790
2216.985149466271196
2217.791893677523603
2218.598594906879953
2219.405253177114446
2220.211868510981276
2221.018440931210989
2221.824970460513214
2222.631457121575295
2223.437900937062295
2224.244301929618359
2225.050660121864894
2225.856975536402388
2226.663248195808592
2227.469478122640794
2228.275665339433544
2229.081809868700930
2229.887911732932935
2230.693970954600900
2231.499987556153428
2232.305961560016840
2233.111892988596992
2233.917781864277913
2234.723628209422259
2235.529432046370857
2236.335193397444073
2237.140912284939986
2237.946588731135307
2238.752222758286280
2239.557814388627776
2240.363363644372839
2241.168870547713141
2241.974335120820342
2242.779757385843368
2243.585137364911589
2244.390475080133001
2245.195770553593320
2246.001023807357797
2246.806234863472127
2247.611403743958817
2248.416530470820817
2249.221615066039703
2250.026657551576591
2250.831657949370765
2251.636616281342413
2252.441532569388528
2253.246406835387461
2254.051239101195733
2254.856029388649404
2255.660777719564067
2256.465484115734398
2257.270148598934156
2258.074771190917545
2258.879351913416940
2259.683890788144708
2260.488387836793208
2261.292843081032970
2262.097256542516334
2262.901628242872448
2263.705958203711816
2264.510246446624024
2265.314492993179101
2266.118697864925252
2266.922861083392036
2267.726982670086727
2268.531062646498867
2269.335101034096169
2270.139097854325883
2270.943053128616612
2271.746966878375133
2272.550839124988670
2273.354669889825800
2274.158459194233274
2274.962207059538287
2275.765913507048936
2276.569578558051035
2277.373202233813117
2278.176784555582799
2278.980325544587686
2279.783825222034920
2280.587283609113456
2281.390700726990417
2282.194076596814739
2282.997411239715348
2283.800704676800706
2284.603956929160177
2285.407168017863114
2286.210337963959773
2287.013466788480400
2287.816554512435232
2288.619601156815861
2289.422606742593871
2290.225571290721291
2291.028494822130597
2291.831377357735164
2292.634218918428360
2293.437019525084906
2294.239779198559518
2295.042497959687807
2295.845175829286291
2296.647812828151018
2297.450408977060306
2298.252964296773371
2299.055478808028056
2299.857952531544925
2300.660385488024986
2301.462777698149694
2302.265129182581859
2303.067439961964283
2303.869710056922486
2304.671939488060616
2305.474128275965541
2306.276276441205482
2307.078384004326836
2307.880450985860534
2308.682477406317048
2309.484463286186838
2310.286408645944448
2311.088313506042141
2311.890177886916263
2312.692001808981786
2313.493785292637313
2314.295528358261436
2315.097231026214104
2315.898893316836620
2316.700515250451645
2317.502096847363646
2318.303638127857084
2319.105139112200050
2319.906599820640622
2320.708020273407783
2321.509400490713233
2322.310740492750483
2323.112040299691671
2323.913299931695292
2324.714519408896649
2325.515698751415584
2326.316837979352840
2327.117937112790514
2327.918996171792514
2328.720015176404104
2329.520994146653720
2330.321933102549792
2331.122832064083013
2331.923691051226342
2332.724510083934547
2333.525289182143752
2334.326028365772345
2335.126727654720071
2335.927387068868939
2336.728006628083676
2337.528586352209459
2338.329126261074180
2339.129626374488907
2339.930086712244702
2340.730507294114886
2341.530888139857325
2342.331229269208507
2343.131530701890370
2343.931792457603933
2344.732014556034756
2345.532197016849750
2346.332339859698095
2347.132443104210324
2347.932506770000600
2348.732530876664896
2349.532515443780994
2350.332460490910307
2351.132366037595148
2351.932232103360548
2352.732058707714714
2353.531845870147663
2354.331593610131677
2355.131301947122665
2355.930970900556986
2356.730600489855988
2357.530190734421467
2358.329741653638848
2359.129253266875821
2359.928725593483250
2360.728158652793354
2361.527552464122437
2362.326907046768611
2363.126222420013164
2363.925498603120104
2364.724735615335248
2365.523933475888498
2366.323092203991564
2367.122211818839787
2367.921292339611227
2368.720333785465755
2369.519336175546414
2370.318299528981242
2371.117223864877815
2371.916109202330063
2372.714955560411909
2373.513762958182269
2374.312531414682780
2375.111260948936888
2375.909951579951212
2376.708603326718276
2377.507216208210139
2378.305790243384308
2379.104325451179193
2379.902821850519103
2380.701279460309706
2381.499698299440297
2382.298078386783800
2383.096419741195405
2383.894722381514839
2384.692986326563641
2385.491211595148798
2386.289398206058650
2387.087546178065168
2387.885655529925316
2388.683726280376959
2389.481758448143864
2390.279752051931609
2391.077707110429401
2391.875623642310984
2392.673501666231914
2393.471341200833194
2394.269142264738548
2395.066904876553963
2395.864629054870875
2396.662314818264349
2397.459962185291261
2398.257571174493933
2399.055141804397408
2399.852674093511268
2400.650168060327815
2401.447623723323431
2402.245041100958588
2403.042420211677836
2403.839761073907994
2404.637063706061326
2405.434328126533273
2406.231554353703359
2407.028742405934281
2407.825892301573731
2408.623004058952574
2409.420077696385761
2410.217113232172778
2411.014110684595835
2411.811070071922131
2412.607991412402953
2413.404874724272759
2414.201720025751911
2414.998527335042127
2415.795296670331027
2416.592028049790770
2417.388721491575780
2418.185377013827292
2418.981994634668354
2419.778574372206549
2420.575116244535366
2421.371620269730556
2422.168086465852866
2422.964514850948490
2423.760905443046340
2424.557258260159415
2425.353573320286614
2426.149850641410467
2426.946090241498041
2427.742292138499579
2428.538456350351680
2429.334582894974119
2430.130671790272118
2430.926723054133618
2431.722736704433373
2432.518712759028858
2433.314651235762085
2434.110552152461878
2434.906415526938417
2435.702241376988695
2436.498029720394243
2437.293780574920220
2438.089493958316780
2438.885169888319069
2439.680808382646774
2440.476409459003662
2441.271973135079861
2442.067499428548672
2442.862988357068843
2443.658439938283209
2444.453854189821413
2445.249231129294458
2446.044570774301974
2446.839873142426313
2447.635138251234366
2448.430366118279380
2449.225556761098687
2450.020710197214612
2450.815826444134927
2451.610905519351945
2452.405947440342061
2453.200952224568937
2453.995919889478046
2454.790850452503946
2455.585743931063462
2456.380600342558864
2457.175419704378328
2457.970202033893202
2458.764947348463465
2459.559655665431819
2460.354327002125956
2461.148961375859471
2461.943558803931865
2462.738119303625353
2463.532642892211243
2464.327129586943556
2465.121579405060857
2465.915992363789883
2466.710368480339184
2467.504707771906396
2468.299010255672329
2469.093275948802329
2469.887504868449469
2470.681697031750900
2471.475852455828317
2472.269971157791133
2473.064053154733301
2473.858098463733313
2474.652107101855563
2475.446079086150803
2476.240014433655233
2477.033913161389592
2477.827775286360520
2478.621600825561018
2479.415389795969077
2480.209142214547683
2481.002858098247543
2481.796537464003450
2482.590180328735187
2483.383786709349806
2484.177356622739353
2484.970890085782230
2485.764387115341833
2486.557847728267006
2487.351271941393861
2488.144659771542592
2488.938011235520207
2489.731326350120071
2490.524605132119632
2491.317847598284516
2492.111053765363977
2492.904223650094536
2493.697357269198619
2494.490454639384552
2495.283515777345201
2496.076540699762063
2496.869529423300264
2497.662481964611288
2498.455398340334341
2499.248278567093166
2500.041122661497866
2500.833930640144899
2501.626702519615719
2502.419438316479955
2503.212138047291774
2504.004801728591701
2504.797429376906621
2505.590021008749318
2506.382576640619845
2507.175096289003250
2507.967579970371389
2508.760027701182480
2509.552439497880187
2510.344815376894530
2511.137155354644165
2511.929459447530462
2512.721727671943881
2513.513960044259875
2514.306156580840252
2515.098317298033635
2515.890442212175458
2516.682531339587513
2517.474584696576130
2518.266602299436727
2519.058584164448803
2519.850530307880945
2520.642440745985823
2521.434315495004284
2522.226154571162624
2523.017957990673949
2523.809725769737724
2524.601457924541592
2525.393154471257731
2526.184815426045589
2526.976440805051425
2527.768030624407402
2528.559584900234768
2529.351103648638400
2530.142586885711353
2530.934034627533492
2531.725446890170133
2532.516823689674766
2533.308165042088149
2534.099470963436033
2534.890741469731438
2535.681976576974648
2536.473176301152307
2537.264340658238780
2538.055469664194334
2538.846563334966959
2539.637621686490093
2540.428644734685804
2541.219632495460246
2542.010584984711386
2542.801502218319456
2543.592384212153775
2544.383230982070472
2545.174042543911128
2545.964818913507770
2546.755560106676512
2547.546266139220734
2548.336937026931992
2549.127572785587745
2549.918173430953175
2550.708738978781639
2551.499269444811489
2552.289764844769707
2553.080225194369177
2553.870650509310963
2554.661040805283392
2555.451396097961151
2556.241716403007104
2557.032001736070015
2557.822252112787282
2558.612467548782206
2559.402648059667172
2560.192793661039559
2560.982904368486288
2561.772980197579272
2562.563021163879512
2563.353027282935273
2564.142998570281634
2564.932935041440487
2565.722836711922355
2566.512703597223663
2567.302535712829467
2568.092333074213002
2568.882095696832494
2569.671823596135255
2570.461516787555865
2571.251175286516172
2572.040799108425745
2572.830388268681872
2573.619942782669568
2574.409462665758838
2575.198947933311047
2575.988398600673008
2576.777814683178804
2577.567196196152054
2578.356543154901829
2579.145855574726284
2579.935133470909477
2580.724376858725464
2581.513585753435109
2582.302760170285637
2583.091900124513813
2583.881005631343214
2584.670076705984229
2585.459113363637698
2586.248115619489454
2587.037083488714870
2587.826016986475224
2588.614916127921788
2589.403780928192646
2590.192611402414059
2590.981407565699101
2591.770169433149476
2592.558897019855067
2593.347590340892111
2594.136249411328208
2594.924874246215040
2595.713464860593376
2596.502021269493071
2597.290543487930790
2598.079031530912289
2598.867485413429677
2599.655905150464150
2600.444290756985083
2601.232642247949116
2602.020959638301520
2602.809242942975743
2603.597492176892047
2604.385707354961141
2605.173888492079186
2605.962035603131426
2606.750148702993101
2607.538227806524901
2608.326272928576600
2609.114284083986604
2609.902261287581041
2610.690204554173306
2611.478113898568608
2612.265989335555332
2613.053830879913676
2613.841638546411104
2614.629412349802806
2615.417152304832598
2616.204858426233386
2616.992530728724432
2617.780169227015904
2618.567773935803416
2619.355344869772580
2620.142882043598547
2620.930385471942827
2621.717855169455561
2622.505291150776429
2623.292693430531017
2624.080062023337632
2624.867396943798667
2625.654698206507419
2626.441965826044907
2627.229199816980781
2628.016400193871959
2628.803566971267628
2629.590700163700603
2630.377799785695061
2631.164865851762897
2631.951898376405097
2632.738897374112184
2633.525862859360132
2634.312794846615816
2635.099693350334746
2635.886558384960608
2636.673389964924809
2637.460188104649205
2638.246952818542923
2639.033684121004626
2639.820382026421157
2640.607046549167080
2641.393677703608319
2642.180275504097608
2642.966839964975861
2643.753371100574441
2644.539868925212431
2645.326333453197094
2646.112764698826595
2646.899162676386368
2647.685527400150022
2648.471858884381618
2649.258157143332483
2650.044422191244394
2650.830654042347305
2651.616852710859348
2652.403018210988193
2653.189150556930599
2653.975249762871044
2654.761315842985368
2655.547348811436677
2656.333348682375799
2657.119315469945377
2657.905249188273501
2658.691149851481896
2659.477017473677734
2660.262852068957727
2661.048653651407676
2661.834422235103830
2662.620157834109705
2663.405860462478813
2664.191530134254208
2664.977166863466664
2665.762770664136497
2666.548341550273562
2667.333879535877259
2668.119384634935159
2668.904856861423923
2669.690296229310661
2670.475702752550205
2671.261076445086928
2672.046417320855198
2672.831725393777560
2673.617000677767010
2674.402243186723808
2675.187452934539124
2675.972629935093664
2676.757774202255405
2677.542885749883681
2678.327964591826458
2679.113010741920334
2679.898024213990539
2680.683005021855479
2681.467953179318556
2682.252868700174076
2683.037751598206796
2683.822601887188739
2684.607419580883288
2685.392204693042004
2686.176957237406896
2686.961677227707696
2687.746364677665497
2688.531019600989111
2689.315642011378259
2690.100231922521743
2690.884789348097456
2691.669314301772829
2692.453806797203924
2693.238266848039530
2694.022694467914334
2694.807089670454388
2695.591452469274373
2696.375782877979873
2697.160080910164197
2697.944346579412468
2698.728579899297529
2699.512780883382220
2700.296949545220286
2701.081085898352740
2701.865189956313316
2702.649261732622563
2703.433301240791934
2704.217308494322879
2705.001283506705477
2705.785226291420258
2706.569136861938205
2707.353015231718473
2708.136861414211126
2708.920675422854856
2709.704457271079264
2710.488206972302123
2711.271924539933934
2712.055609987372009
2712.839263328005018
2713.622884575210719
2714.406473742356411
2715.190030842801207
2715.973555889891486
2716.757048896965443
2717.540509877349905
2718.323938844362601
2719.107335811309440
2719.890700791488598
2720.674033798186883
2721.457334844680645
2722.240603944236682
2723.023841110110880
2723.807046355551392
2724.590219693795007
2725.373361138067139
2726.156470701584567
2726.939548397554063
2727.722594239171940
2728.505608239625872
2729.288590412092162
2730.071540769736657
2730.854459325717016
2731.637346093179076
2732.420201085261397
2733.203024315089806
2733.985815795781491
2734.768575540444544
2735.551303562175235
2736.333999874061192
2737.116664489180494
2737.899297420601215
2738.681898681380517
2739.464468284567374
2740.247006243198939
2741.029512570304178
2741.811987278902507
2742.594430382002884
2743.376841892603352
2744.159221823693770
2744.941570188253991
2745.723886999254319
