14.134725141734695
21.022039638771556
25.010857580145689
30.424876125859512
32.935061587739192
37.586178158825675
40.918719012147498
43.327073280934002
48.005150881167161
49.773832477672300
52.970321477714464
56.446247697063392
59.347044002602352
60.831778524609810
65.112544048081602
67.079810529334480
69.546401711173985
72.067157674481905
75.704690699083940
77.144840068819448
79.337375020249368
82.910381019666602
84.735492980517051
87.425274613125225
88.809111207634430
92.491899270558491
94.651295493774001
95.870634179245371
98.831194241443711
101.317851005731399
103.725538040478341
105.446623052326075
107.168611184276415
111.029535543169658
111.874659176992694
114.320220915452722
116.226680511187965
118.790782865976212
121.370125002420650
122.946839002681187
124.256818554261613
127.516683879596499
129.578704199945463
131.087688530931302
133.497737202997598
134.756509753372882
138.116042054533438
139.736208952060849
141.123707404181062
143.111845807620625
146.000982548376953
147.422765342556602
150.055520739645289
150.925257612335912
153.024693811412419
156.112459179287328
157.597591841592362
161.188964137576022
163.030709686051949
165.521606307582857
167.184439978355556
169.094514472810118
169.911976477416033
173.411536528861973
174.754191516268975
176.441734246432674
178.376408757249976
181.332880632896632
182.917114076918921
184.874467848387496
185.598783677707473
187.228922584432013
189.416158656016592
192.026651794166440
193.079726603645810
195.265396679576412
196.876481640906093
198.015309800672611
201.264651241761896
202.493594514145428
204.189671803104545
205.394697204248672
207.906217762889241
209.576509716953154
211.690862595365132
213.763874192326568
216.169538828357844
218.691578210989150
221.430705554693702
224.007000254607334
224.983285785684416
227.421444279179923
229.337413305525473
231.250481879358972
231.987235253180245
234.445217324106579
235.408437093940648
238.548781067937085
241.048934608537166
242.423042453868931
243.623150541183549
246.138944493640025
247.065222472514193
248.101829809428608
249.574689752572965
251.574649809770648
253.069410332400054
255.306861347744274
256.380719579798495
258.610411496681138
260.251604711536686
261.973366700765553
263.573774938426880
265.557852634674020
267.901902677349142
269.556670477039006
271.244062278393642
273.383865097053274
274.421382682941669
276.307616289968678
278.250681260120871
279.229250827536077
282.093604069046251
283.211418647832090
284.921232623398851
286.667445363270929
288.030900364779598
290.062505237715129
291.846115328942631
293.282043379277980
295.218323778154115
296.883383397554041
298.683543359782732
300.270674975486884
301.677405997936091
303.336015189906618
305.485416574929445
306.784380893639650
308.563577563249396
310.023248573787669
311.935819020511417
313.561936677156268
315.076690813399409
317.040815828184236
318.455874299782465
320.408208898745670
321.726455889046917
323.455062988021609
325.178228724155076
326.945302716658489
