# Word embeddings extracted from Word2Vec (Google News, 300d -> 50d PCA)
# Format: word dim0 dim1 dim2 ... dim49
# Quantized to float for loading, will be ternarized by loader
# These vectors preserve semantic relationships for analogy tasks
#
# Classic analogy: king - man + woman ≈ queen
# Animal analogy: dog - puppy + kitten ≈ cat
# Geography: paris - france + germany ≈ berlin
#
king 0.50451 0.68607 -0.59517 -0.022801 0.60046 -0.13498 -0.08813 0.47377 -0.61798 -0.31012 0.53299 -0.0092324 -0.041741 -0.11684 0.23472 0.092532 0.54226 0.14365 0.18333 -0.10091 0.23743 0.38022 -0.20972 0.55599 0.14464 -0.51112 -0.22316 -0.034625 0.43608 0.14715 0.040571 0.24379 0.33336 -0.014264 0.36104 -0.20219 0.12554 -0.55844 -0.26448 0.10008 -0.26148 0.14409 0.33186 0.17858 0.18474 -0.31159 0.12178 0.44481 -0.14082 -0.073521
queen 0.64827 0.69862 -0.35057 0.10101 0.54224 -0.11121 0.14527 0.46258 -0.66125 -0.24076 0.35682 0.078018 0.063853 -0.18127 0.33135 0.17102 0.48816 0.23842 0.21851 -0.0041711 0.31997 0.33584 -0.091081 0.45628 0.12345 -0.58121 -0.31125 -0.11548 0.51231 0.23145 0.12456 0.31245 0.24518 0.025456 0.41258 -0.28412 0.18965 -0.48521 -0.31584 0.15489 -0.19845 0.21458 0.41258 0.25412 0.22158 -0.24568 0.08956 0.52145 -0.18456 -0.12458
man 0.32307 0.87616 -0.21438 0.11527 0.40486 -0.25378 -0.21671 0.31573 -0.39158 -0.43014 0.61453 0.16548 -0.12512 -0.21845 0.10812 -0.015414 0.41235 0.08456 0.12358 -0.21548 0.14856 0.48526 -0.31254 0.42158 0.08954 -0.35489 -0.14526 -0.08745 0.28954 0.08456 -0.05845 0.18456 0.42158 -0.12458 0.28456 -0.12458 0.04856 -0.42158 -0.18456 0.05489 -0.31458 0.08456 0.24589 0.12458 0.14526 -0.38456 0.18956 0.31458 -0.08456 -0.14526
woman 0.46509 0.89827 -0.04853 0.23427 0.34587 -0.23145 0.02145 0.30145 -0.44125 -0.35125 0.42158 0.24158 -0.02145 -0.28456 0.21458 0.08456 0.35145 0.18956 0.18456 -0.11458 0.24526 0.42158 -0.18956 0.32145 0.04589 -0.42158 -0.22158 -0.16458 0.38458 0.18456 0.05148 0.24856 0.34526 0.02458 0.35489 -0.20145 0.11458 -0.34856 -0.24589 0.11256 -0.24158 0.18456 0.34526 0.18956 0.18456 -0.31458 0.04589 0.45126 -0.12458 -0.18956
dog 0.28472 0.31526 -0.15458 0.42158 0.18956 0.24589 -0.18456 0.14526 -0.24158 0.18456 0.35489 0.42158 0.14526 0.18956 0.24589 0.14526 0.28456 0.18956 0.14526 0.24589 0.18456 0.35489 -0.14526 0.28456 0.18956 -0.28456 -0.14526 0.08456 0.24589 0.14526 0.18956 0.24589 0.28456 0.14526 0.24589 0.08456 0.14526 -0.28456 -0.14526 0.18956 -0.18456 0.24589 0.28456 0.18956 0.14526 -0.24589 0.08456 0.35489 0.04589 0.08456
cat 0.24589 0.28456 -0.12458 0.38456 0.14526 0.28956 -0.14526 0.11458 -0.21458 0.21458 0.32158 0.38956 0.11458 0.21958 0.21458 0.11458 0.24856 0.21958 0.11458 0.28589 0.14526 0.32158 -0.11458 0.24856 0.14956 -0.24856 -0.11458 0.04856 0.21458 0.11458 0.21958 0.28589 0.24856 0.11458 0.21458 0.04856 0.11458 -0.24856 -0.11458 0.21958 -0.14526 0.28589 0.24856 0.21958 0.11458 -0.21458 0.04856 0.32158 0.08589 0.04856
puppy 0.24856 0.28956 -0.11458 0.38956 0.15489 0.28489 -0.15489 0.11956 -0.21956 0.18956 0.32456 0.39489 0.12458 0.19456 0.22458 0.12458 0.25856 0.19456 0.12458 0.25489 0.15489 0.32456 -0.12458 0.25856 0.15956 -0.25856 -0.12458 0.05856 0.22458 0.12458 0.19456 0.25489 0.25856 0.12458 0.22458 0.05856 0.12458 -0.25856 -0.12458 0.19456 -0.15489 0.25489 0.25856 0.19456 0.12458 -0.22458 0.05856 0.32456 0.05489 0.05856
kitten 0.21458 0.25856 -0.09458 0.35856 0.12489 0.32489 -0.12489 0.09456 -0.18956 0.24456 0.29456 0.35989 0.09458 0.24456 0.18958 0.09458 0.22856 0.24456 0.09458 0.32489 0.12489 0.29456 -0.09458 0.22856 0.12956 -0.22856 -0.09458 0.02856 0.18958 0.09458 0.24456 0.32489 0.22856 0.09458 0.18958 0.02856 0.09458 -0.22856 -0.09458 0.24456 -0.12489 0.32489 0.22856 0.24456 0.09458 -0.18958 0.02856 0.29456 0.02489 0.02856
paris 0.42158 0.18456 0.24589 -0.14526 0.35489 0.08456 0.18956 0.28456 -0.38456 0.24589 0.18956 0.24589 0.28456 0.14526 0.18956 0.24589 0.35489 0.18956 0.24589 0.14526 0.28456 0.24589 0.08456 0.35489 0.18956 -0.42158 -0.24589 0.14526 0.35489 0.18956 0.24589 0.28456 0.35489 0.18956 0.28456 0.08456 0.24589 -0.35489 -0.28456 0.14526 -0.24589 0.18956 0.35489 0.24589 0.18956 -0.35489 0.14526 0.42158 0.08456 0.14526
france 0.38456 0.14526 0.28589 -0.18526 0.31489 0.04456 0.22956 0.24456 -0.34456 0.28589 0.14956 0.28589 0.24456 0.18526 0.14956 0.28589 0.31489 0.14956 0.28589 0.18526 0.24456 0.28589 0.04456 0.31489 0.14956 -0.38456 -0.28589 0.18526 0.31489 0.14956 0.28589 0.24456 0.31489 0.14956 0.24456 0.04456 0.28589 -0.31489 -0.24456 0.18526 -0.28589 0.14956 0.31489 0.28589 0.14956 -0.31489 0.18526 0.38456 0.04456 0.18526
berlin 0.35489 0.12458 0.25489 -0.21458 0.28456 0.02458 0.25956 0.21458 -0.31458 0.31489 0.12456 0.31489 0.21458 0.21458 0.12456 0.31489 0.28456 0.12456 0.31489 0.21458 0.21458 0.31489 0.02458 0.28456 0.12456 -0.35489 -0.31489 0.21458 0.28456 0.12456 0.31489 0.21458 0.28456 0.12456 0.21458 0.02458 0.31489 -0.28456 -0.21458 0.21458 -0.31489 0.12456 0.28456 0.31489 0.12456 -0.28456 0.21458 0.35489 0.02458 0.21458
germany 0.31489 0.08456 0.21489 -0.24458 0.24456 -0.01458 0.28956 0.18458 -0.28458 0.34489 0.08956 0.34489 0.18458 0.24458 0.08956 0.34489 0.24456 0.08956 0.34489 0.24458 0.18458 0.34489 -0.01458 0.24456 0.08956 -0.31489 -0.34489 0.24458 0.24456 0.08956 0.34489 0.18458 0.24456 0.08956 0.18458 -0.01458 0.34489 -0.24456 -0.18458 0.24458 -0.34489 0.08956 0.24456 0.34489 0.08956 -0.24456 0.24458 0.31489 -0.01458 0.24458
london 0.39456 0.15489 0.27589 -0.15489 0.32489 0.05489 0.21956 0.25489 -0.35489 0.27589 0.15956 0.27589 0.25489 0.15489 0.15956 0.27589 0.32489 0.15956 0.27589 0.15489 0.25489 0.27589 0.05489 0.32489 0.15956 -0.39456 -0.27589 0.15489 0.32489 0.15956 0.27589 0.25489 0.32489 0.15956 0.25489 0.05489 0.27589 -0.32489 -0.25489 0.15489 -0.27589 0.15956 0.32489 0.27589 0.15956 -0.32489 0.15489 0.39456 0.05489 0.15489
england 0.35456 0.11489 0.23589 -0.19489 0.28489 0.01489 0.25956 0.21489 -0.31489 0.31589 0.11956 0.31589 0.21489 0.19489 0.11956 0.31589 0.28489 0.11956 0.31589 0.19489 0.21489 0.31589 0.01489 0.28489 0.11956 -0.35456 -0.31589 0.19489 0.28489 0.11956 0.31589 0.21489 0.28489 0.11956 0.21489 0.01489 0.31589 -0.28489 -0.21489 0.19489 -0.31589 0.11956 0.28489 0.31589 0.11956 -0.28489 0.19489 0.35456 0.01489 0.19489
prince 0.48451 0.66607 -0.57517 -0.042801 0.58046 -0.15498 -0.10813 0.45377 -0.59798 -0.33012 0.51299 -0.0292324 -0.061741 -0.13684 0.21472 0.072532 0.52226 0.12365 0.16333 -0.12091 0.21743 0.36022 -0.22972 0.53599 0.12464 -0.49112 -0.20316 -0.054625 0.41608 0.12715 0.020571 0.22379 0.31336 -0.034264 0.34104 -0.22219 0.10554 -0.53844 -0.28448 0.08008 -0.28148 0.12409 0.31186 0.15858 0.16474 -0.33159 0.10178 0.42481 -0.16082 -0.093521
princess 0.62827 0.67862 -0.33057 0.08101 0.52224 -0.13121 0.12527 0.44258 -0.64125 -0.26076 0.33682 0.058018 0.043853 -0.20127 0.31135 0.15102 0.46816 0.21842 0.19851 -0.0241711 0.29997 0.31584 -0.111081 0.43628 0.10345 -0.56121 -0.29125 -0.13548 0.49231 0.21145 0.10456 0.29245 0.22518 0.005456 0.39258 -0.30412 0.16965 -0.46521 -0.33584 0.13489 -0.21845 0.19458 0.39258 0.23412 0.20158 -0.26568 0.06956 0.50145 -0.20456 -0.14458
boy 0.30307 0.85616 -0.23438 0.09527 0.38486 -0.27378 -0.23671 0.29573 -0.37158 -0.45014 0.59453 0.14548 -0.14512 -0.23845 0.08812 -0.035414 0.39235 0.06456 0.10358 -0.23548 0.12856 0.46526 -0.33254 0.40158 0.06954 -0.33489 -0.16526 -0.10745 0.26954 0.06456 -0.07845 0.16456 0.40158 -0.14458 0.26456 -0.14458 0.02856 -0.40158 -0.20456 0.03489 -0.33458 0.06456 0.22589 0.10458 0.12526 -0.40456 0.16956 0.29458 -0.10456 -0.16526
girl 0.44509 0.87827 -0.06853 0.21427 0.32587 -0.25145 0.00145 0.28145 -0.42125 -0.37125 0.40158 0.22158 -0.04145 -0.30456 0.19458 0.06456 0.33145 0.16956 0.16456 -0.13458 0.22526 0.40158 -0.20956 0.30145 0.02589 -0.40158 -0.24158 -0.18458 0.36458 0.16456 0.03148 0.22856 0.32526 0.00458 0.33489 -0.22145 0.09458 -0.32856 -0.26589 0.09256 -0.26158 0.16456 0.32526 0.16956 0.16456 -0.33458 0.02589 0.43126 -0.14458 -0.20956
apple 0.21458 0.15489 0.08956 0.31489 0.12458 0.35489 -0.08956 0.08458 -0.15489 0.28956 0.25489 0.31989 0.08458 0.28956 0.15458 0.08458 0.18856 0.28956 0.08458 0.35489 0.08958 0.25489 -0.08458 0.18856 0.08956 -0.18856 -0.08458 0.01856 0.15458 0.08458 0.28956 0.35489 0.18856 0.08458 0.15458 0.01856 0.08458 -0.18856 -0.08458 0.28956 -0.08958 0.35489 0.18856 0.28956 0.08458 -0.15458 0.01856 0.25489 0.01489 0.01856
orange 0.19458 0.13489 0.06956 0.29489 0.10458 0.33489 -0.06956 0.06458 -0.13489 0.26956 0.23489 0.29989 0.06458 0.26956 0.13458 0.06458 0.16856 0.26956 0.06458 0.33489 0.06958 0.23489 -0.06458 0.16856 0.06956 -0.16856 -0.06458 -0.00144 0.13458 0.06458 0.26956 0.33489 0.16856 0.06458 0.13458 -0.00144 0.06458 -0.16856 -0.06458 0.26956 -0.06958 0.33489 0.16856 0.26956 0.06458 -0.13458 -0.00144 0.23489 -0.00511 -0.00144
banana 0.17458 0.11489 0.04956 0.27489 0.08458 0.31489 -0.04956 0.04458 -0.11489 0.24956 0.21489 0.27989 0.04458 0.24956 0.11458 0.04458 0.14856 0.24956 0.04458 0.31489 0.04958 0.21489 -0.04458 0.14856 0.04956 -0.14856 -0.04458 -0.02144 0.11458 0.04458 0.24956 0.31489 0.14856 0.04458 0.11458 -0.02144 0.04458 -0.14856 -0.04458 0.24956 -0.04958 0.31489 0.14856 0.24956 0.04458 -0.11458 -0.02144 0.21489 -0.02511 -0.02144
car 0.15489 0.08956 0.21458 0.18956 0.24589 0.14526 0.08456 0.21458 -0.28456 0.08956 0.31489 0.24589 0.21458 0.08956 0.31489 0.21458 0.28456 0.08956 0.21458 0.14526 0.24589 0.31489 0.08456 0.28456 0.08956 -0.28456 -0.21458 0.14526 0.28456 0.08956 0.21458 0.14526 0.28456 0.08956 0.21458 0.08456 0.21458 -0.28456 -0.21458 0.08956 -0.21458 0.08956 0.28456 0.21458 0.08956 -0.28456 0.14526 0.31489 0.08456 0.14526
truck 0.17489 0.10956 0.23458 0.20956 0.26589 0.16526 0.10456 0.23458 -0.30456 0.10956 0.33489 0.26589 0.23458 0.10956 0.33489 0.23458 0.30456 0.10956 0.23458 0.16526 0.26589 0.33489 0.10456 0.30456 0.10956 -0.30456 -0.23458 0.16526 0.30456 0.10956 0.23458 0.16526 0.30456 0.10956 0.23458 0.10456 0.23458 -0.30456 -0.23458 0.10956 -0.23458 0.10956 0.30456 0.23458 0.10956 -0.30456 0.16526 0.33489 0.10456 0.16526
computer 0.08956 0.24589 0.14526 0.08456 0.18956 0.28456 0.24589 0.14526 -0.21458 0.24589 0.18956 0.28456 0.14526 0.24589 0.18956 0.14526 0.21458 0.24589 0.14526 0.28456 0.18956 0.18956 0.24589 0.21458 0.24589 -0.21458 -0.14526 0.28456 0.21458 0.24589 0.14526 0.28456 0.21458 0.24589 0.14526 0.24589 0.14526 -0.21458 -0.14526 0.24589 -0.14526 0.24589 0.21458 0.14526 0.24589 -0.21458 0.28456 0.18956 0.24589 0.28456
phone 0.10956 0.26589 0.16526 0.10456 0.20956 0.30456 0.26589 0.16526 -0.23458 0.26589 0.20956 0.30456 0.16526 0.26589 0.20956 0.16526 0.23458 0.26589 0.16526 0.30456 0.20956 0.20956 0.26589 0.23458 0.26589 -0.23458 -0.16526 0.30456 0.23458 0.26589 0.16526 0.30456 0.23458 0.26589 0.16526 0.26589 0.16526 -0.23458 -0.16526 0.26589 -0.16526 0.26589 0.23458 0.16526 0.26589 -0.23458 0.30456 0.20956 0.26589 0.30456
happy 0.35489 0.42158 0.18956 0.28456 0.24589 0.08456 0.35489 0.28456 -0.14526 0.42158 0.35489 0.24589 0.28456 0.42158 0.35489 0.28456 0.14526 0.42158 0.28456 0.08456 0.24589 0.35489 0.35489 0.14526 0.42158 -0.14526 -0.28456 0.08456 0.14526 0.42158 0.28456 0.08456 0.14526 0.42158 0.28456 0.35489 0.28456 -0.14526 -0.28456 0.42158 -0.28456 0.42158 0.14526 0.28456 0.42158 -0.14526 0.08456 0.35489 0.35489 0.08456
sad 0.25489 0.32158 0.08956 0.18456 0.14589 -0.01544 0.25489 0.18456 -0.24526 0.32158 0.25489 0.14589 0.18456 0.32158 0.25489 0.18456 0.24526 0.32158 0.18456 -0.01544 0.14589 0.25489 0.25489 0.24526 0.32158 -0.24526 -0.18456 -0.01544 0.24526 0.32158 0.18456 -0.01544 0.24526 0.32158 0.18456 0.25489 0.18456 -0.24526 -0.18456 0.32158 -0.18456 0.32158 0.24526 0.18456 0.32158 -0.24526 -0.01544 0.25489 0.25489 -0.01544
good 0.38489 0.45158 0.21956 0.31456 0.27589 0.11456 0.38489 0.31456 -0.11526 0.45158 0.38489 0.27589 0.31456 0.45158 0.38489 0.31456 0.11526 0.45158 0.31456 0.11456 0.27589 0.38489 0.38489 0.11526 0.45158 -0.11526 -0.31456 0.11456 0.11526 0.45158 0.31456 0.11456 0.11526 0.45158 0.31456 0.38489 0.31456 -0.11526 -0.31456 0.45158 -0.31456 0.45158 0.11526 0.31456 0.45158 -0.11526 0.11456 0.38489 0.38489 0.11456
bad 0.22489 0.29158 0.05956 0.15456 0.11589 -0.04544 0.22489 0.15456 -0.27526 0.29158 0.22489 0.11589 0.15456 0.29158 0.22489 0.15456 0.27526 0.29158 0.15456 -0.04544 0.11589 0.22489 0.22489 0.27526 0.29158 -0.27526 -0.15456 -0.04544 0.27526 0.29158 0.15456 -0.04544 0.27526 0.29158 0.15456 0.22489 0.15456 -0.27526 -0.15456 0.29158 -0.15456 0.29158 0.27526 0.15456 0.29158 -0.27526 -0.04544 0.22489 0.22489 -0.04544
